483921657967345821251876493548132976729564138136798245372689514814253769695417382
523816749784593126691472835239145687457268913168937254342789561915624378876351492
487156932362498751915372864846519273593724186271863549124685397738941625659237418
962341758148975623573268149321694875487512936695837412834726591216459387759183264
361725948587964213492831657638259471174683592259147836746392185923518764815476329
359867124648312597712549836876924351524731968193685472931476285465298713287153649
743512986589346217126987345934251768671498532852763491398675124417829653265134879
782614359439825176651937428293471865568392714147568293326749581975183642814256937
852716943197843652463925187278634591645179328931582476786491235314258769529367814
516289347849173256732465918698317524327954861154826739961732485275648193483591672
365942871128756493974813562819435627537268149642179358296384715753691284481527936
193672485462358971785914623538296714674135298219487356826741539941523867357869142
